970.602431	-1.3
971.798912	-2.5
973.627454	-2.6
975.773785	0.0
980.325602	-1.7
981.509271	-1.0
983.778299	-0.9
984.201910	-1.1
984.201910	-1.1
984.953125	-1.2
986.881817	-1.8
991.874641	-2.6
992.947396	-1.2
993.297627	-2.0
995.019583	-2.4
995.487801	-2.2
996.543322	-2.0
996.819560	-2.2
997.884907	-1.8
997.942153	-1.9
997.981123	-2.8
998.659167	-2.4
998.879016	-2.0
999.107338	-2.6
999.390347	-2.4
999.442431	-1.6
1000.778032	-2.0
1002.666678	-2.4
1002.860139	-2.5
1003.009063	-2.1
1003.559850	-1.1
1003.839271	-1.4
1004.084456	-2.0
1004.162164	-1.9
1004.217581	-2.2
1004.243056	-1.0
1004.283981	-2.5
1004.632778	-2.6
1004.641771	-2.2
1004.691910	-1.7
1004.773171	-1.7
1004.807373	-1.0
1004.890556	-2.0
1005.529780	-2.2
1005.554653	-2.1
1005.596169	-2.3
1005.851019	-2.2
1006.820637	-1.9
1007.075810	-1.7
1007.175880	-1.6
1008.166620	-1.8
1008.296620	-1.7
1008.731713	-2.1
1008.997836	-2.2
1009.205880	-2.2
1009.332477	-2.3
1009.816481	-2.4
1010.306609	-2.6
1010.422269	-1.1
1010.546019	-2.2
1011.119907	-1.8
1012.064294	-1.5
1012.416759	-2.4
1012.915972	-1.2
1013.159375	-2.2
1013.598623	-1.9
1013.626933	-2.2
1013.628727	-2.5
1014.678588	-2.4
1014.736562	-2.6
1015.070891	-1.2
1015.111123	-1.4
1015.359734	-2.3
1015.657720	-2.2
1015.835359	-0.5
1016.083819	-2.0
1016.356493	-2.5
1016.566458	-2.4
1016.881343	-0.9
1017.453426	-2.5
1017.455185	-1.7
1017.483102	-2.2
1018.053877	-1.4
1018.132164	-2.2
1018.484375	-0.9
1018.905093	-1.8
1018.957083	-2.2
1019.270903	-2.0
1019.556632	-0.9
1019.580799	-1.2
1019.659248	-2.6
1019.750567	-2.0
1019.918912	-1.5
1019.984398	-2.1
1020.067361	-1.1
1020.337674	-1.4
1020.926019	-2.4
1021.299537	-1.6
1021.309711	-2.5
1021.566806	-2.3
1021.786458	-1.9
1022.314097	-2.4
1022.352315	-2.1
1022.513843	-2.3
1023.896875	-1.5
1024.549606	-1.9
1024.705937	-2.5
1025.413241	-2.3
1025.442465	-1.8
1025.689306	-2.7
1025.929444	-2.1
1025.952176	-2.3
1026.288854	-2.7
1026.350868	-2.7
1026.530729	-2.0
1026.568438	-2.1
1027.094213	-2.6
1030.281076	-1.8
1031.121817	-1.6
1031.822546	-2.3
1031.847315	-1.7
1032.825822	-1.2
1033.504861	-1.8
1033.883090	-1.6
1033.886424	-1.9
1034.081424	-1.9
1034.153472	-1.6
1035.190289	-1.7
1035.577523	-2.0
1035.616007	-2.0
1035.789676	-2.5
1035.875694	-1.5
1036.763715	-0.6
1036.774421	-0.7
1037.335336	-2.2
1037.641597	-1.7
1038.262581	-2.3
1038.279225	-1.9
1038.393924	-1.1
1038.745984	-2.2
1039.179861	-1.8
1039.396875	-0.4
1039.682639	-0.7
1039.766007	-1.5
1039.897743	-2.3
1040.130127	-1.4
1040.343750	-0.5
1040.785995	-2.4
1041.241319	-1.2
1042.077836	-2.1
1043.674259	-2.0
1043.714340	-1.9
1043.945660	-1.2
1044.359699	-2.1
1044.631076	-1.8
1045.017836	-2.2
1045.459699	-2.3
1046.022222	-0.1
1046.069560	-2.5
1046.784722	-1.3
1046.952801	-2.3
1047.662245	-2.0
1047.674375	-1.5
1047.704780	-1.7
1047.784606	-2.2
1047.882234	-2.0
1047.935324	-1.8
1048.044572	-2.1
1048.075949	-1.9
1048.548391	-1.2
1048.702431	-0.5
1049.084236	-2.1
1049.719225	-1.7
1050.039942	-2.0
1050.258877	-1.7
1050.295359	-0.8
1050.394109	-2.2
1050.753843	-2.2
1051.138380	-1.8
1051.257431	-2.1
1051.386169	-2.1
1051.440718	-1.3
1051.494641	-2.4
1051.622315	-2.2
1052.110556	-1.9
1052.123970	-1.6
1052.278727	-1.0
1052.558704	-2.1
1052.567697	-1.3
1053.167882	-0.6
1053.579525	-2.1
1053.590347	-2.0
1053.770081	-1.7
1054.150278	-1.1
1054.289931	-1.2
1054.471030	-1.8
1054.833912	-1.8
1054.859803	-0.2
1054.889769	-1.6
1055.035463	-1.8
1055.233333	-1.0
1055.354051	-2.2
1055.367014	-1.3
1055.402361	-1.5
1055.518681	-1.7
1055.661539	-1.7
1055.784039	-2.1
1056.190856	-2.4
1057.019444	-1.1
1057.022396	-1.0
1057.290278	-2.5
1057.791470	-2.0
1058.062153	0.1
1058.217708	-1.7
1058.819306	-2.3
1058.920220	-2.2
1059.160023	-1.7
1059.587419	-2.0
1059.672153	-2.1
1059.988762	-2.3
1060.407870	-2.3
1060.460787	-1.4
1060.470521	-2.0
1060.636852	-2.4
1061.037361	-2.8
1061.281933	-2.3
1061.510023	-1.4
1061.538229	-3.0
1061.555139	-2.4
1061.839387	-2.8
1061.840081	-2.8
1061.984676	-2.0
1062.100000	-3.0
1062.211898	-2.5
1062.229363	-0.9
1062.598958	-2.5
1062.842894	-2.8
1062.922211	-3.0
1063.077083	-1.4
1063.906655	-3.1
1064.239838	-2.8
1064.604641	-1.9
1073.965856	-2.6
1073.990856	-2.5
1074.087315	-2.5
1074.136979	-2.9
1074.141736	-2.4
1074.260833	-3.0
1074.274456	-2.4
1074.361910	-2.7
1074.386076	-2.6
1074.611794	-3.1
1074.615498	-3.2
1074.621308	-2.3
1074.656609	-2.4
1074.898935	-2.8
1075.039225	-2.3
1075.189954	-2.4
1075.235405	-2.3
1075.266146	-0.8
1075.291713	-2.0
1075.319248	-2.5
1075.471574	-1.7
1075.647257	-2.0
1075.725752	-1.2
1075.730532	-2.0
1075.825035	-1.1
1075.939826	-1.1
1075.940428	-0.7
1076.041875	-1.6
1076.054005	-1.0
1076.058519	-1.5
1076.287963	-1.9
1076.593843	-2.4
1076.621609	-1.5
1076.685278	-2.0
1076.734433	-2.3
1076.757396	-1.9
1076.774965	-1.2
1076.943218	-1.3
1076.943252	-1.7
1076.943785	-1.3
1077.118924	-1.4
1077.335961	-1.5
1077.407558	-0.8
1077.452257	-1.8
1077.455613	-1.8
1077.585660	-1.3
1077.803831	-0.3
1077.921065	-1.0
1078.909016	-0.4
1079.094780	-1.3
1079.302917	-1.5
1079.392558	-1.0
1079.549942	-1.5
1079.647164	-0.4
1079.752731	-1.7
1079.801563	-1.2
1079.897581	-2.6
1079.925301	-2.1
1079.994132	-2.0
1080.043750	-1.3
1080.057882	-2.0
1080.170139	-1.4
1080.655995	-1.4
1080.752477	-1.3
1080.796100	-1.9
1080.826042	-1.9
1080.931701	-2.3
1080.985938	-2.0
1081.011690	-1.5
1081.160868	-2.6
1081.306227	-2.5
1081.335324	-2.5
1081.349641	-2.9
1081.932650	-2.7
1082.007905	-2.0
1082.037824	-2.5
1082.216262	-3.1
1082.470382	-1.9
1082.526516	-3.0
1082.984734	-3.0
1083.047535	-2.6
1083.091782	-3.0
1083.112847	-1.7
1083.130556	-2.0
1083.191435	-2.4
1083.248750	-1.4
1083.276539	-1.8
1083.283414	-2.2
1083.560428	-2.6
1083.582118	-2.4
1083.734664	-2.4
1083.822674	-2.1
1083.899259	-2.9
1083.951597	-2.1
1084.110671	-2.5
1084.444352	-2.3
1084.538368	-0.9
1084.589769	-2.8
1084.609803	-2.7
1084.614699	-2.7
1084.631076	-2.5
1084.674826	-1.5
1084.762998	-1.5
1084.867234	-2.2
1084.914549	-2.5
1084.982975	-2.3
1085.024826	-1.0
1085.107141	-2.6
1085.237465	-2.1
1085.250972	-2.6
1085.254873	-3.3
1085.296296	-3.0
1085.303009	-3.1
1101.063507	-2.5
1101.064190	-2.6
1101.064294	-2.1
1101.222465	-2.4
1101.473623	-2.5
1101.587731	-2.1
1101.602257	-2.3
1101.620081	-1.5
1101.683356	-2.3
1101.738889	-2.1
1101.818113	-1.6
1101.837350	-2.1
1101.910579	-1.9
1101.914479	-1.8
1102.229421	-2.0
1102.387431	-1.6
1102.674294	-2.0
1102.674317	-2.3
1102.724826	-1.5
1102.772870	-3.1
1102.960266	-2.6
1103.052627	-3.0
1103.682627	-2.4
1103.752940	-2.9
1103.961134	-1.6
1104.146366	-3.2
1104.167454	-3.0
1104.185139	-3.1
1104.195255	-2.2
1104.244306	-3.1
1104.285822	-3.0
1104.544734	-3.1
1104.579688	-2.5
1104.601620	-2.5
1104.660926	-2.5
1104.669086	-2.6
1104.684792	-2.4
1104.750706	-2.3
1104.777338	-3.4
1104.941065	-3.4
1104.945833	-2.7
1105.008252	-1.1
1105.132292	-1.5
1105.309907	-1.4
1105.459965	-1.9
1105.975972	-2.1
1105.975995	-2.2
1105.987743	-0.7
1106.045498	-0.7
1106.097998	-0.7
1106.161956	-0.7
1106.215741	-0.8
1106.388461	-0.8
1106.418380	-2.1
1106.513877	-2.6
1106.559340	-1.4
1106.569711	-3.1
1106.584363	-2.6
1106.656505	-2.8
1109.011377	-2.5
1109.044306	-2.6
1109.044375	-2.8
1109.116470	-2.9
1109.160764	-2.5
1109.546389	-2.6
1109.881481	-2.4
1109.971632	-2.5
1110.007442	-3.0
1110.011250	-2.8
1110.012338	-2.4
1110.012350	-2.8
1110.163090	-2.3
1110.163102	-2.9
1110.212396	-1.7
1110.319329	-1.8
1110.586157	-2.4
1110.595185	-3.1
1110.597269	-2.8
1110.601146	-2.6
1110.622558	-2.9
1110.627326	-2.4
1110.642407	-3.1
1110.695498	-2.4
1110.736111	-2.8
1110.839329	-1.8
1110.846076	-2.6
1110.854641	-2.7
1110.887593	-3.0
1110.902986	-2.8
1110.918414	-2.3
1111.064317	-2.5
1111.106134	-2.6
1111.126227	-2.6
1111.143437	-1.5
1111.198785	-2.0
1111.320359	-2.0
1111.502847	-2.9
1111.543032	-2.6
1111.543808	-2.4
1111.646493	-2.7
1111.657963	-2.3
1111.871852	-3.2
1112.015880	-2.4
1112.146968	-2.4
1112.251296	-2.9
1112.448218	-2.7
1112.510544	-3.0
1112.622025	-2.6
1112.729965	-2.8
1112.817234	-2.7
1112.817627	-3.0
1113.115255	-3.0
1113.179109	-2.7
1113.192118	-2.6
1113.391829	-2.6
1114.011447	-3.1
1114.517488	-2.4
1114.520856	-2.0
1115.475660	-2.5
1115.824919	-3.0
1119.089028	-2.6
1119.220764	-2.5
1119.229190	-2.6
1119.282106	-2.5
1119.317755	-2.2
1119.448542	-2.4
1119.481736	-3.0
1119.536458	-1.1
1119.673854	-3.0
1119.827870	-2.8
1119.890868	-2.6
1119.914005	-2.6
1119.920451	-2.4
1120.150197	-2.6
1120.236875	-2.5
1120.285266	-2.9
1120.375081	-1.9
1120.406690	-2.4
1120.473912	-2.1
1120.493854	-1.6
1120.744780	-2.9
1120.772500	-2.0
1120.838958	-2.3
1120.909942	-2.3
1120.909965	-2.1
1120.913565	-2.4
1120.958785	-2.7
1121.067014	-1.3
1121.088021	-1.2
1121.120949	-2.4
1121.122211	-3.0
1121.128519	-2.8
1121.131944	-0.6
1121.131944	-0.6
1121.131944	-0.6
1121.131944	-0.6
1121.131944	-0.6
1121.131944	-0.6
1121.137384	-2.6
1121.138808	-2.6
1121.168924	-3.2
1121.252882	-2.5
1121.400775	-1.9
1121.401192	-1.6
1121.403634	-1.9
1121.409317	-0.1
1121.409410	-0.1
1121.410127	-0.1
1121.512153	-1.4
1121.523310	-1.8
1121.545000	-2.6
1121.559769	-2.3
1121.580787	-1.2
1121.599688	-1.2
1121.607025	-1.9
1121.621470	-2.1
1121.628958	-2.7
1121.659734	-2.2
1121.663206	-2.1
1121.726146	-2.2
1121.732164	-2.0
1121.732176	-2.8
1121.788912	-2.2
1121.824711	-2.8
1121.846944	-2.9
1121.855463	-2.3
1121.861076	-2.0
1121.900498	-2.7
1121.943287	-2.2
1122.003171	-2.7
1122.119560	-1.2
1122.128738	-1.4
1122.129074	-2.1
1122.131030	-2.7
1122.164109	-2.8
1122.228681	-1.6
1122.267141	-1.6
1122.296157	-2.4
1122.314120	-2.8
1122.319525	-2.4
1122.385822	-2.5
1122.386910	-2.5
1122.387199	-2.8
1122.387222	-2.4
1122.387419	-0.4
1122.393403	-2.7
1122.398530	-2.2
1122.431088	-1.6
1122.439977	-1.6
1122.483032	-2.4
1122.483171	-1.6
1122.534861	-2.1
1122.625498	-2.6
1122.720498	-1.8
1122.762396	-1.9
1122.887535	-1.8
1123.002211	-1.4
1123.086019	-1.3
1123.126343	-1.8
1123.136782	-0.9
1123.167627	-1.7
1123.209444	-2.1
1123.221875	-2.8
1123.284988	-2.5
1123.302095	-2.4
1123.445255	-2.3
1123.453356	-2.0
1123.534688	-2.8
1123.617373	-1.5
1123.621100	-2.3
1123.731181	-2.1
1123.795012	-2.6
1123.919653	-2.5
1123.922674	-2.7
1123.948449	-2.2
1123.980000	-2.6
1123.982847	-1.7
1124.048183	-2.1
1124.130914	-2.5
1124.137813	-1.6
1124.230544	-2.8
1124.252940	-2.4
1124.439410	-2.7
1124.677778	-2.0
1124.804942	-1.4
1124.820058	-1.8
1124.854988	-1.5
1124.901956	-2.3
1125.018275	-2.4
1125.023310	-2.2
1125.055208	-1.6
1125.056806	-2.8
1125.191030	-1.6
1125.239942	-2.5
1125.337708	-2.6
1125.594352	-2.9
1125.631215	-2.9
1125.669664	-2.5
1125.746447	-2.8
1125.782708	-2.7
1125.785139	-2.5
1125.814236	-2.0
1125.880359	-2.8
1125.887222	-2.5
1125.951215	-2.3
1125.973484	-2.9
1126.005556	-1.4
1126.045972	-2.8
1126.084074	-2.4
1126.105833	-2.3
1126.111250	-2.8
1126.115775	-2.5
1126.132616	-2.5
1126.281806	-2.5
1126.293866	-2.9
1126.455880	-2.7
1126.474919	-2.9
1126.476134	-2.8
1126.481157	-2.8
1126.938993	-2.2
1126.990532	-2.7
1127.174491	-2.5
1127.334479	-2.3
1127.567176	-2.9
1127.638391	-3.0
1127.658877	-2.5
1128.045451	-2.4
1128.055127	-2.8
1128.303646	0.4
1128.303646	0.4
1128.303646	0.4
1128.308773	-2.4
1128.485775	-3.0
1128.490394	-2.3
1128.566447	-2.6
1128.668333	-1.8
1129.992616	-3.0
1130.344618	-2.6
1130.689410	-1.4
1130.689410	-1.4
1130.722928	-2.9
1130.827350	-2.7
1131.018495	-2.7
1131.271227	-3.0
1131.431435	-2.8
1131.518380	-2.4
1131.658137	-2.7
1131.677847	-3.0
1131.685150	-2.7
1131.799410	-2.6
1131.812014	-2.8
1131.828866	-3.1
1132.003310	-2.7
1132.045231	-2.2
1132.062674	-2.6
1132.062720	-2.2
1132.100718	-2.7
1132.190231	-2.9
1132.208414	-2.7
1132.276076	-2.7
1132.368241	-3.1
1132.378738	-2.8
1132.392546	-2.9
1132.411806	-1.2
1132.421597	-1.8
1132.537662	-2.6
1132.542500	-2.4
1132.552604	-1.4
1132.552604	-1.4
1132.554016	-2.8
1132.580810	-2.4
1132.653241	-3.3
1132.684653	-2.2
1132.786829	-2.8
1132.858704	-2.2
1135.758102	-3.0
1135.901100	-2.8
1136.004907	-2.8
1136.073854	-1.4
1136.084190	-2.8
1136.094097	-1.2
1136.094097	-1.2
1136.106806	-1.3
1136.110417	-2.3
1136.146181	-1.2
1136.172870	-2.8
1136.296771	-3.0
1136.318681	-2.9
1136.375046	-3.0
1136.714248	-2.9
1136.749988	-2.9
1136.938264	-3.5
1137.420498	-3.5
1137.470868	-2.9
1137.471400	-2.9
1137.580394	-2.6
1137.642604	-2.8
1137.750868	-1.2
1137.820046	-1.5
1137.941782	-2.9
1137.951667	-1.2
1138.170926	-2.8
1138.212176	-2.2
1138.315324	-2.9
1138.364896	-2.2
1138.542859	-2.9
1138.543368	-3.1
1138.681655	-2.5
1138.762407	-3.2
1139.011030	-2.5
1139.190891	-2.6
1139.201667	-2.5
1139.214988	-2.4
1139.253785	-2.1
1139.315995	-2.5
1139.356829	-2.8
1139.481181	-1.9
1139.481377	-3.2
1139.891829	-2.9
1140.002083	-2.7
1140.003113	-3.0
1140.021319	-3.0
1140.021435	-3.0
1140.023206	-2.7
1140.023704	-2.9
1140.027685	-2.9
1140.048299	-2.4
1140.052373	-2.1
1140.055347	-2.7
1140.058322	-2.2
1140.058356	-2.7
1140.059653	-2.6
1140.063762	-2.9
1140.084340	-3.1
1140.085197	-3.0
1140.085810	-3.0
1140.087153	-2.8
1140.087535	-2.9
1140.088345	-3.0
1140.091505	-2.5
1140.095521	-2.4
1140.096134	-2.9
1140.115602	-2.2
1140.116944	-2.7
1140.118380	-1.1
1140.122188	-3.0
1140.129734	-3.3
1140.173345	-3.2
1140.241181	-2.3
1140.315961	-2.0
1140.445324	-1.8
1140.523970	-1.0
1140.524780	-2.6
1140.615845	-2.2
1140.616840	-3.1
1140.719468	-2.9
1140.730035	-2.8
1140.731551	-2.6
1140.740590	-1.8
1140.743484	-2.9
1140.761262	-3.0
1140.761713	-2.7
1140.777454	-3.1
1140.827164	-2.9
1140.861377	-2.2
1140.981019	-2.0
1141.299213	-2.4
1141.350660	-2.4
1141.401227	-2.5
1141.598021	-2.3
1141.601030	-2.9
1141.601528	-2.2
1141.630104	-1.7
1141.630174	-3.0
1141.638102	-1.9
1141.639780	-2.8
1141.640475	-2.4
1141.643380	-2.2
1141.688368	-3.0
1141.693993	-2.6
1141.753218	-3.2
1141.871100	-2.5
1142.077014	-2.4
1142.101296	-2.0
1142.104479	-3.0
1142.167616	-2.5
1142.253044	-2.4
1142.264039	-2.9
1142.267060	-3.0
1142.338472	-2.6
1142.464780	-3.0
1142.584444	-2.5
1142.600718	-2.9
1142.745752	-3.0
1143.067141	-2.8
1143.100174	-2.7
1143.115625	-2.8
1143.215486	-2.9
1143.227176	-2.4
1143.234225	-2.7
1143.234410	-3.1
1143.234572	-2.4
1143.242859	-2.8
1143.260972	-2.2
1143.340000	-3.1
1143.363634	-2.8
1143.372141	-1.7
1143.400000	-2.1
1143.425718	-2.1
1143.548738	-2.6
1143.645729	-2.2
1143.676250	-2.2
1143.725741	-2.6
1143.872940	-1.9
1143.876111	-2.8
1144.040243	-2.2
1144.055359	-2.5
1144.055532	-2.1
1144.086875	-2.2
1144.101493	-2.7
1144.105787	-2.7
1144.158727	-2.5
1144.203542	-2.6
1144.248391	-2.0
1144.305532	-2.3
1144.427153	-2.6
1144.564722	-2.8
1144.618484	-3.0
1144.715567	-2.2
1144.727095	-2.9
1144.751030	-2.7
1144.768912	-2.7
1144.787164	-1.0
1144.798264	-1.3
1144.804213	-1.7
1144.805035	-1.9
1144.815880	-0.9
1144.828854	-1.3
1144.866586	-2.6
1144.879282	-2.7
1144.899745	-2.0
1144.939803	-2.6
1144.979259	-2.1
1144.979271	-2.9
1144.982558	-2.2
1144.998449	-2.7
1145.041620	-3.0
1145.090127	-2.5
1145.097627	-2.8
1145.148125	-2.3
1145.163657	-2.9
1145.206667	-2.0
1145.209398	-2.5
1145.224248	-2.9
1145.239387	-3.2
1145.239433	-3.1
1145.246516	-2.2
1145.251933	-2.7
1145.260509	-2.7
1145.282986	-2.6
1145.297072	-3.5
1145.297338	-2.8
1145.303102	-2.3
1145.317998	-2.6
1145.340718	-2.6
1145.373866	-2.5
1145.384537	-2.1
1145.384583	-1.6
1145.389919	-3.1
1145.390197	-2.9
1145.390613	-3.0
1145.391100	-2.7
1145.418264	-2.6
1145.453912	-2.9
1145.509745	-1.4
1145.524271	-1.4
1145.609387	-2.9
1145.638738	-2.5
1145.643750	-1.7
1145.649838	-2.6
1145.728229	-2.9
1145.826829	-2.9
1145.854525	-1.7
1145.902558	-2.7
1145.906701	-2.8
1145.938530	-2.8
1145.959792	-2.7
1146.083970	-2.7
1146.223900	-2.9
1146.274502	-3.0
1146.282894	-2.9
1146.380417	-2.3
1146.434491	-2.7
1146.439757	-2.8
1146.464664	-2.6
1146.482650	-2.6
1146.486609	-1.6
1146.697187	-2.8
1146.699780	-2.2
1146.754572	-2.8
1146.910174	-3.0
1146.917708	-1.0
1146.992384	-2.5
1146.992419	-2.9
1147.041956	-2.4
1147.120475	-3.0
1147.194421	-3.1
1147.279606	-2.9
1147.283704	-3.0
1147.288900	-2.6
1147.292859	-2.7
1147.349039	-2.6
1147.371331	-2.8
1147.412373	-2.7
1147.414028	-2.8
1147.417303	-3.0
1147.435718	-2.6
1147.438947	-2.9
1147.439826	-2.6
1147.444664	-3.3
1147.470590	-3.1
1147.481319	-2.7
1147.481389	-2.3
1147.490752	-2.7
1147.492558	-2.9
1147.493634	-3.3
1147.493854	-2.7
1147.493866	-1.8
1147.502870	-3.0
1147.507766	-3.0
1147.526400	-3.0
1147.533461	-3.3
1147.584769	-3.0
1147.584907	-3.0
1147.585058	-2.4
1147.585231	-1.1
1147.587488	-2.9
1147.587616	-1.4
1147.663079	-1.4
1147.676968	-1.8
1147.677639	-2.9
1147.690197	-2.8
1147.741377	-2.9
1147.754410	-2.9
1147.790405	-2.0
1147.790417	-2.9
1147.816181	-2.4
1147.827639	-2.4
1147.842025	-2.4
1147.842130	-1.9
1147.853495	-2.7
1147.862720	-2.9
1147.870324	-2.8
1147.871481	-3.1
1147.873866	-1.1
1147.877824	-2.7
1147.902060	-2.7
1147.902176	-1.9
1147.916910	-2.3
1147.919317	-3.0
1147.919456	-2.1
1147.939005	-2.5
1147.955567	-2.9
1147.981852	-2.6
1147.985833	-2.6
1148.017766	-2.7
1148.025475	-2.8
1148.112859	-2.7
1148.132882	-2.6
1148.155590	-1.9
1148.158796	-2.0
1148.168935	-2.0
1148.171748	-2.4
1148.180023	-2.0
1148.192975	-2.3
1148.194826	-1.5
1148.195509	-1.2
1148.201458	-2.5
1148.224537	-2.5
1148.248958	-2.9
1148.255243	-2.9
1148.259919	-3.0
1148.270509	-3.1
1148.270521	-2.7
1148.272454	-2.4
1148.275347	-2.8
1148.281343	-2.8
1148.288889	-3.0
1148.310313	-3.1
1148.311215	-2.7
1148.354664	-0.9
1148.362025	0.5
1148.530475	-2.6
1148.565324	-2.2
1148.592963	-2.6
1148.603449	-0.7
1148.603704	-2.2
1148.641262	-2.2
1148.726470	-2.7
1148.736562	-2.0
1148.746655	-2.7
1148.746678	-2.7
1148.746748	-2.7
1148.775000	-1.2
1148.800081	-2.2
1148.811030	-1.2
1148.850266	-2.2
1148.927130	-1.3
1148.956204	-1.8
1149.050220	-1.4
1149.147384	-2.1
1149.265961	-2.7
1149.299826	-1.9
1149.305116	-2.7
1149.332083	-2.7
1149.335324	-2.3
1149.335938	-0.7
1149.410324	-2.9
1149.419178	-2.6
1149.453380	-2.4
1149.545926	-2.7
1149.656123	-1.7
1149.846620	-1.8
1149.930498	-2.6
1149.950949	-2.9
1150.034329	-2.4
1150.078900	-0.9
1150.079815	-2.8
1150.081516	-3.0
1150.093472	-3.0
1150.100231	-2.8
1150.100671	-2.2
1150.101968	-2.9
1150.145579	-2.7
1150.151562	-1.4
1150.157789	-3.0
1150.167581	-2.2
1150.168877	-3.0
1150.173877	-2.8
1150.202789	-2.6
1150.209144	-2.2
1150.481597	-1.2
1150.481597	-1.2
1150.491863	-2.5
1150.509595	-3.1
1150.510671	-3.1
1150.513634	-2.3
1150.584572	-2.4
1150.651181	-2.9
1150.677743	-3.1
1150.703241	-2.6
1150.760961	-2.5
1150.762234	-2.0
1150.769653	-2.0
1150.799583	-2.5
1150.811030	-1.5
1150.811042	-2.2
1150.890995	-1.8
1150.891644	-2.3
1150.895590	-2.1
1150.922222	-1.9
1150.929583	-2.7
1150.978576	-1.7
1151.014236	-2.6
1151.120660	-2.7
1151.156875	-2.6
1151.257326	-2.6
1151.263819	-2.5
1151.358137	-3.1
1151.379329	-2.7
1151.601157	-3.1
1151.642778	-2.2
1151.732292	-2.3
1151.925729	-2.5
1151.938854	-3.1
1151.939167	-3.1
1151.939537	-2.6
1151.945475	-3.3
1151.993194	-1.2
1152.062234	-3.0
1152.143519	-2.2
1152.183380	-2.2
1152.184410	-2.4
1152.276169	-2.5
1152.319525	-2.3
1152.338669	-2.7
1152.385799	-2.6
1152.477755	-2.2
1152.500058	-2.0
1152.568125	-2.3
1152.574919	-2.9
1152.663009	-2.3
1152.707234	-3.0
1152.735810	-2.3
1152.804606	-2.3
1152.844213	-2.9
1152.863553	-3.1
1152.913600	-3.2
1152.921019	-3.1
1152.956655	-2.9
1153.039792	-2.8
1153.256296	-2.4
1153.620706	-2.9
1153.735394	-2.9
1153.760764	-2.8
1153.813021	-1.1
1153.827905	-2.9
1153.836817	-1.4
1153.838542	-1.2
1153.857627	-3.0
1153.865231	-2.4
1153.865313	-2.5
1153.879641	-2.8
1153.879711	-2.3
1153.952350	-1.2
1153.987847	-2.5
1154.027419	-2.8
1154.034225	-2.7
1154.064306	-1.8
1154.064363	-3.2
1154.064468	-2.5
1154.076574	-2.7
1154.076736	-2.5
1154.087083	-2.6
1154.198252	-2.2
1154.214757	-0.9
1154.227917	-2.6
1154.227928	-2.1
1154.276169	-2.4
1154.306088	-2.4
1154.306181	-1.3
1154.307060	-2.8
1154.307766	-2.3
1154.308113	-2.3
1154.317708	-2.8
1154.319757	-3.0
1154.418021	-2.4
1154.418032	-3.3
1154.418275	-2.7
1154.579722	-2.7
1154.742188	-2.2
1154.759410	-1.5
1154.835799	-2.5
1154.837361	-3.5
1154.981956	-3.1
1155.031447	-2.8
1155.067384	-1.5
1155.143472	-2.6
1155.154340	-1.2
1155.179769	-2.1
1155.357998	-2.7
1155.554502	-2.2
1155.811609	-2.8
1155.872199	-2.8
1155.882060	-2.8
1155.882164	-0.9
1155.961782	-2.6
1156.125174	-2.7
1156.133403	-2.3
1156.202188	-1.6
1156.270752	-2.2
1156.291354	-1.1
1156.325718	-2.1
1156.352951	-2.4
1156.414410	-2.9
1156.427697	-3.0
1156.451644	-2.7
1156.457639	0.7
1156.460150	-2.5
1156.473900	-2.7
1156.479537	-2.6
1156.484294	-2.3
1156.494271	-0.6
1156.500984	-1.8
1156.503900	-1.8
1156.510208	-2.5
1156.565567	-2.2
1156.601146	-1.1
1156.610208	-2.6
1156.669109	-3.1
1156.676863	-2.8
1156.711331	-2.6
1156.734884	-2.5
1156.740058	-1.2
1156.740301	-1.3
1156.828356	-2.4
1156.839792	-2.4
1156.841563	-1.7
1156.841806	-2.8
1156.860058	-2.0
1156.918773	-2.7
1156.944572	-2.6
1156.947951	-1.9
1156.959363	-1.3
1156.989664	-2.9
1157.124514	-2.1
1157.250174	-1.0
1157.716296	-2.9
1157.873472	-2.7
1157.876887	-2.1
1157.884144	-3.1
1157.947049	-2.7
1158.028067	-2.0
1158.095648	-2.8
1158.121030	-2.2
1158.355914	-2.9
1158.425810	-3.2
1158.469144	-2.5
1158.480764	-0.9
1158.495475	-2.6
1158.552014	-2.9
1158.623866	-2.9
1158.715856	-2.6
1158.736134	-3.0
1158.870602	-1.8
1158.899977	-2.4
1158.915394	-2.9
1159.034884	-2.9
1159.375810	-2.8
1159.555336	-2.3
1159.655185	-2.7
1159.683762	-0.8
1159.744931	-0.9
1159.768681	-1.5
1159.908275	-2.0
1159.939144	-0.8
1160.107257	-3.2
1160.142569	-3.1
1160.204456	-2.3
1160.215648	-2.8
1160.234005	-0.8
1160.246713	-2.7
1160.277650	-2.7
1160.304734	-2.7
1160.557407	-2.8
1160.679688	-2.7
1160.708738	-2.3
1160.717245	-2.4
1160.723044	-2.0
1160.734005	-1.6
1160.747361	-2.1
1160.759074	-2.2
1160.765394	-1.7
1160.785475	-2.1
1160.851076	-3.2
1160.851366	-2.8
1160.852095	-2.9
1160.852407	-2.7
1160.865058	-2.1
1160.882766	-2.8
1160.889815	-1.1
1161.018495	-2.9
1161.042072	-2.1
1161.061157	-2.7
1161.092708	-2.9
1161.104907	-2.1
1161.266412	-2.5
1161.266562	-2.8
1161.268391	-3.1
1161.292396	-3.0
1161.330035	-2.5
1161.338981	-2.5
1161.368773	-2.1
1161.421875	-1.2
1161.471887	-2.7
1161.507789	-2.7
1161.512535	-2.8
1161.523611	-2.7
1161.568009	-3.0
1161.649120	-1.9
1161.660706	-2.7
1161.696331	-2.5
1161.697037	-2.6
1161.703704	-2.7
1161.708877	-1.3
1161.709259	-2.8
1161.709410	-2.9
1161.715833	-0.8
1161.716076	-2.8
1161.720810	-3.1
1161.720822	-2.5
1161.721528	-3.0
1161.722986	-2.7
1161.723912	-2.3
1161.725336	-3.2
1161.749421	-2.3
1161.782766	-2.4
1161.791366	-3.3
1161.853287	-2.9
1161.856516	-3.1
1161.872512	-2.8
1161.873727	-1.8
1161.875648	-0.6
1161.884664	-0.6
1161.889641	-1.1
1161.906979	-2.0
1161.922720	-2.2
1161.928588	-2.2
1161.933646	-2.3
1161.934560	-2.9
1161.936933	-2.3
1161.954340	-1.0
1161.965926	-2.2
1162.042384	-1.8
1162.056771	-1.8
1162.087049	-2.9
1162.094942	-2.4
1162.096250	-2.6
1162.247025	-2.5
1162.288600	-2.6
1162.374028	-2.8
1162.386319	-2.6
1162.556285	-2.5
1162.590197	-2.9
1162.647014	-2.5
1162.746829	-2.5
1162.747500	-3.0
1162.852141	-2.8
1162.962072	-2.1
1163.019213	-2.5
1163.119306	-2.8
1163.128958	-3.0
1163.139745	-2.6
1163.163530	-2.6
1163.234340	-3.0
1163.244850	-3.1
1163.259630	-2.5
1163.427755	-2.9
1163.430220	-2.8
1163.550891	-2.0
1163.830081	-2.2
1164.037141	-3.2
1164.191840	-2.6
1164.197025	-2.9
1164.333206	-2.5
1164.354051	-2.7
1164.369444	-2.9
1164.386609	-1.6
1164.451956	-3.2
1164.453160	-2.4
1164.532477	-2.4
1164.552488	-3.0
1164.561100	-2.0
1164.561146	-2.5
1164.615810	-3.2
1164.640602	-2.9
1164.780324	-2.8
1164.807338	-2.6
1164.887894	-3.0
1165.018229	-2.9
1165.068449	-2.9
1165.087870	-3.2
1165.105602	-2.4
1165.125752	-2.8
1165.128669	-2.4
1165.148090	-1.2
1165.168519	-3.1
1165.211597	-3.4
1165.225741	-0.8
1165.229919	-2.1
1165.254560	-2.4
1165.318808	-1.9
1165.341956	-1.1
1165.346875	-1.3
1165.353171	-1.6
1165.356794	-3.4
1165.365046	-2.7
1165.388009	-3.0
1165.389005	-2.2
1165.399248	-1.4
1165.399306	-2.4
1165.402894	-1.8
1165.412535	-1.3
1165.415417	-1.9
1165.417303	-2.3
1165.421725	-3.2
1165.425174	-2.9
1165.428218	-2.9
1165.429387	-1.6
1165.430382	-2.4
1165.430718	-2.0
1165.433553	-2.7
1165.436632	-2.9
1165.437639	-2.9
1165.441921	-2.6
1165.451227	-2.8
1165.452546	-2.2
1165.456817	-2.2
1165.470023	-2.5
1165.479954	-3.1
1165.482512	-2.6
1165.482940	-3.2
1165.493646	-1.9
1165.514861	-3.1
1165.516215	-2.2
1165.535231	-1.6
1165.544410	-2.3
1165.558900	-1.2
1165.599861	-2.6
1165.600532	-2.8
1165.604664	-1.4
1165.614653	-2.6
1165.628750	-2.0
1165.672049	-2.4
1165.679850	-3.1
1165.728843	-1.6
1165.744803	-2.7
1165.801424	-2.9
1165.824965	-2.2
1165.833356	-1.6
1165.869097	-2.7
1165.878715	-0.6
1165.883021	-1.7
1165.887187	-1.7
1165.908461	-2.6
1165.994826	-2.7
1166.006215	-2.5
1166.009537	-2.6
1166.032130	-2.6
1166.065926	-0.9
1166.108414	-0.9
1166.126169	-0.8
1166.127373	-2.4
1166.127523	-1.0
1166.127766	-2.1
1166.131389	-2.2
1166.136215	-2.8
1166.139688	-2.9
1166.152384	-2.8
1166.160706	-2.4
1166.167407	-2.6
1166.191493	-1.3
1166.191806	-1.6
1166.192789	-1.7
1166.226296	-2.5
1166.240961	-2.9
1166.262870	-1.5
1166.274618	-2.6
1166.345741	-2.8
1166.346377	-2.7
1166.392569	-2.2
1166.404861	-1.1
1166.433600	-1.9
1166.434062	-2.5
1166.494456	-2.6
1166.495185	-2.6
1166.524456	-2.6
1166.527558	-2.7
1166.541609	-2.7
1166.560046	-1.9
1166.603044	-2.8
1166.603148	-2.4
1166.614502	-3.0
1166.637940	-3.1
1166.640035	-2.8
1166.654363	-2.5
1166.655417	-2.9
1166.720509	-1.1
1166.766331	-2.8
1166.766829	-2.5
1166.767292	-2.7
1166.774699	-1.9
1166.790451	-1.3
1166.804410	-2.6
1166.828796	-2.7
1166.864329	-2.8
1166.887581	-2.2
1166.973773	-1.6
1167.051250	-2.8
1167.122512	-2.9
1167.174190	-2.1
1167.215417	-2.3
1167.222870	-2.8
1167.249850	-2.1
1167.361817	-2.8
1167.370475	-3.1
1167.370660	-2.5
1167.395567	-3.2
1167.460579	-3.0
1167.632407	-1.8
1167.662882	-2.4
1167.674618	-1.8
1167.685602	-2.5
1167.695972	-2.6
1167.797199	-1.4
1167.941111	-2.4
1167.945683	-2.9
1167.950648	-2.6
1167.952905	-1.2
1167.973657	-2.4
1168.001157	-2.3
1168.101713	-2.6
1168.115972	-1.4
1168.129317	-2.1
1168.174826	-2.5
1168.183160	-1.2
1168.195451	-2.4
1168.195532	-3.0
1168.219954	-0.7
1168.223750	-2.9
1168.253264	-1.6
1168.274873	-2.2
1168.298600	-3.1
1168.416331	-2.7
1168.469641	-2.3
1168.512708	-2.9
1168.561748	-2.8
1168.574873	-2.8
1168.581377	-2.5
1168.665532	-2.6
1168.675521	-1.0
1168.675521	-1.0
1168.677963	-2.9
1168.679039	-2.4
1168.690266	-2.8
1168.697558	-2.9
1168.697616	-2.9
1168.701632	-2.8
1168.720231	-2.2
1168.752465	-2.9
1168.753380	-2.4
1168.756574	-2.7
1168.756586	-2.3
1168.760139	-3.0
1168.769468	-2.3
1168.793264	-3.2
1168.799942	-2.6
1168.825370	-2.8
1168.840382	-1.8
1168.858750	-1.6
1168.861829	-1.9
1168.864282	-2.6
1168.865590	-2.6
1168.869051	-2.1
1169.152546	-2.9
1169.253160	-1.7
1169.298843	-3.0
1169.311377	-2.9
1169.349884	-1.4
1169.349896	-2.5
1169.350000	-3.0
1169.368819	-1.5
1169.408657	-2.4
1169.412523	-1.9
1169.443993	-2.4
1169.470660	-2.3
1169.487419	-2.7
1169.536377	-2.0
1169.536505	-2.3
1169.572176	-1.6
1169.672951	-2.7
1169.704294	-1.3
1169.710231	-2.5
1169.711076	-2.5
1169.712847	-2.7
1169.736620	-2.7
1169.738785	-2.8
1169.757106	-2.2
1169.807419	-2.0
1169.814120	-2.8
1169.817488	-1.9
1169.847697	-2.0
1169.872049	-1.3
1169.916563	-2.8
1169.931400	-3.1
1169.945752	-3.0
1169.950787	-3.1
1169.955324	-2.7
1169.993669	-2.7
1170.039456	-2.7
1170.044248	-2.9
1170.047708	-2.5
1170.084942	-2.7
1170.093484	-2.8
1170.095220	-3.0
1170.130336	-3.1
1170.147731	-2.5
1170.147951	-3.1
1170.209525	-2.7
1170.210197	-2.5
1170.274329	-2.8
1170.283819	-3.8
1170.331308	-1.5
1170.354248	-2.5
1170.402708	-2.6
1170.430764	-2.5
1170.439907	-2.2
1170.443611	-1.2
1170.483380	-1.2
1170.483414	-1.9
1170.483449	-1.9
1170.483507	-2.9
1170.501389	-1.2
1170.502604	-1.1
1170.502801	-3.1
1170.543495	-2.9
1170.558021	-2.2
1170.635845	-2.5
1170.780313	-2.5
1170.848021	-2.3
1170.860498	-2.2
1170.860544	-2.9
1170.880035	-1.2
1170.886157	-3.1
1170.902697	-1.4
1170.904780	-2.4
1170.915104	-2.9
1170.924271	-2.0
1170.934780	-1.2
1170.935104	-2.4
1170.936979	-3.0
1170.938889	-2.4
1170.982269	-2.4
1170.998391	-2.2
1171.014271	-2.9
1171.015359	-2.7
1171.019468	-2.4
1171.026944	-2.7
1171.027095	-2.4
1171.033808	-2.3
1171.034514	-2.1
1171.089745	-2.1
1171.090961	-2.2
1171.109745	-3.0
1171.109965	-2.6
1171.123472	-2.7
1171.123507	-2.6
1171.123542	-2.8
1171.128472	-1.3
1171.129317	-2.9
1171.130347	-2.0
1171.153738	-2.2
1171.153796	-1.9
1171.155324	-2.4
1171.155706	-2.6
1171.156968	-2.8
1171.180150	-2.7
1171.183009	-2.5
1171.184294	-2.3
1171.193750	-2.0
1171.207049	-2.3
1171.207639	-2.3
1171.209560	-3.0
1171.209641	-2.9
1171.210150	-2.6
1171.210556	-2.9
1171.210822	-1.8
1171.222454	-2.4
1171.226806	-2.0
1171.233079	-2.5
1171.246181	-0.9
1171.246181	-0.9
1171.246181	-0.9
1171.255486	-3.0
1171.280104	-1.7
1171.281447	-2.9
1171.308912	-2.8
1171.309178	-1.9
1171.319850	-2.9
1171.370845	-3.1
1171.394016	-2.1
1171.394120	-2.4
1171.395590	-1.4
1171.403414	-2.8
1171.403507	-2.1
1171.431875	-3.0
1171.436840	-2.2
1171.495590	-3.0
1171.495995	-2.9
1171.520127	-2.6
1171.524016	-2.0
1171.535336	-2.6
1171.538981	-2.6
1171.640810	-2.2
1171.641736	-2.8
1171.642755	-2.7
1171.642998	-2.4
1171.643067	-1.9
1171.675359	-3.3
1171.711100	-2.5
1171.719780	-2.7
1171.770741	-3.0
1171.773229	-2.3
1171.782454	-1.9
1171.902025	-2.9
1171.911169	-3.0
1171.918669	-3.1
1171.920567	-3.2
1171.920637	-3.0
1171.922720	-2.7
1171.923727	-2.9
1171.936840	-3.0
1171.970845	-3.0
1171.970961	-2.9
1171.971019	-2.9
1171.997778	-3.0
1172.016956	-2.8
1172.031979	-2.7
1172.046447	-2.5
1172.063171	-2.3
1172.063183	-2.8
1172.063194	-2.9
1172.076759	-2.5
1172.078206	-3.0
1172.079664	-2.9
1172.084525	-2.8
1172.093623	-2.5
1172.150428	-2.8
1172.157824	-2.5
1172.179433	-2.6
1172.190463	-2.9
1172.224502	-2.9
1172.347928	-2.8
1172.372975	-2.9
1172.459699	-2.8
1172.481644	-2.9
1172.482072	-2.4
1172.552813	-2.5
1172.556840	-2.9
1172.564444	-3.4
1172.574178	-2.8
1172.584051	-2.8
1172.592049	-2.7
1172.608831	-1.8
1172.619109	-2.3
1172.639525	-2.1
1172.644028	-2.9
1172.644884	-2.5
1172.656389	-2.6
1172.723102	-3.1
1172.735069	-1.4
1172.738785	-2.3
1172.747037	-2.5
1172.748241	-2.0
1172.762419	-2.6
1172.778426	-2.8
1172.804456	-2.9
1172.819792	-2.8
1172.825069	-3.0
1172.828414	-2.8
1172.912500	-0.8
1172.941748	-2.5
1172.949479	-2.6
1172.984583	-2.7
1173.036181	-2.0
1173.145475	-3.0
1173.154421	-3.1
1173.155035	-3.0
1173.157245	-2.8
1173.157326	-2.8
1173.163785	-1.9
1173.187685	-3.2
1173.208542	-2.8
1173.234294	-3.1
1173.239236	-2.9
1173.351574	-2.2
1173.416759	-2.9
1173.526678	-3.0
1173.549421	-2.4
1173.601586	-2.8
1173.649433	-2.8
1173.675718	-2.7
1173.696019	-2.8
1173.716354	-2.0
1173.716690	-2.1
1173.723368	-2.6
1173.763079	-2.3
1173.783669	-2.9
1173.817859	-2.9
1173.822315	-2.6
1173.861759	-2.1
1173.883472	-2.9
1173.885833	-2.8
1173.910440	-2.9
1173.946551	-2.8
1174.288252	-2.8
1174.444583	-2.7
1174.472801	-2.5
1174.472882	-2.4
1174.473148	-2.4
1174.479687	-1.5
1174.532905	-2.9
1174.532963	-1.9
1174.676748	-2.9
1174.679363	-2.6
1174.763183	-2.6
1174.763345	-3.0
1174.781007	-2.8
1174.844514	-2.8
1174.935116	-3.0
1175.104711	-1.7
1175.112928	-1.7
1175.186725	-2.8
1175.200347	-2.8
1175.290347	-2.7
1175.293067	-3.2
1175.401481	-2.7
1175.610463	-3.0
1175.783137	-3.1
1175.943947	-2.6
1176.061690	-2.8
1176.130556	-2.9
1176.172303	-2.9
1176.268704	-2.1
1176.352025	-2.1
1176.414850	-2.7
1176.430787	-2.3
1176.570694	-2.8
1176.575891	-2.9
1176.583414	-1.7
1176.584826	-2.5
1176.643877	-1.6
1176.655463	-3.1
1176.686400	-2.9
1176.761690	-3.0
1176.764352	-3.1
1176.947627	-2.6
1176.950116	-2.9
1176.954340	-1.3
1176.954965	-2.5
1176.959039	-2.9
1176.975266	-2.8
1177.054340	-2.8
1177.055775	-2.0
1177.090880	-2.4
1177.091887	-2.7
1177.091910	-2.2
1177.092049	-2.8
1177.092072	-2.8
1177.092141	-2.9
1177.092303	-2.7
1177.094618	-1.5
1177.097685	-1.9
1177.124306	-1.4
1177.196331	-2.0
1177.198160	-2.5
1177.203183	-1.6
1177.235197	-2.4
1177.248241	-2.4
1177.302778	-2.6
1177.339942	-2.7
1177.373935	-2.7
1177.407303	-3.0
1177.445961	-1.8
1177.451748	-0.9
1177.466586	-1.7
1177.471123	-1.2
1177.542789	-2.0
1177.570451	-2.0
1177.570521	-1.1
1177.574815	-1.1
1177.584294	-2.2
1177.591157	-1.7
1177.609919	-2.9
1177.617975	-2.7
1177.641424	-2.3
1177.652998	-2.6
1177.660868	-2.8
1177.690880	-1.9
1177.710255	-2.3
1177.737894	-1.9
1177.756632	-1.9
1177.766956	-1.1
1177.810347	-2.0
1177.811100	-2.4
1177.812847	-1.5
1177.813218	-1.7
1177.816539	-3.1
1177.819062	-2.0
1177.845833	-2.3
1177.851389	-1.4
1177.851389	-1.4
1177.852593	-1.1
1177.853623	-2.2
1177.857292	-1.9
1177.858079	-1.1
1177.858333	-2.2
1177.858345	-1.3
1177.860127	-2.4
1177.866424	-2.5
1177.879363	-2.8
1177.882222	-2.7
1177.882234	-2.5
1177.885150	-2.0
1177.886273	-2.5
1177.924201	-2.5
1177.926528	-2.8
1177.930509	-0.9
1177.940208	-2.0
1177.954688	-2.6
1177.976528	-1.6
1177.987245	-1.3
1177.988391	-2.3
1177.988553	-2.4
1177.989954	-1.4
1177.990220	-1.9
1177.990231	-1.9
1178.035289	-1.8
1178.035845	-2.5
1178.036030	-1.4
1178.042674	-3.0
1178.042975	-2.7
1178.049225	-3.0
1178.051204	-2.3
1178.056632	-2.5
1178.057523	-0.9
1178.151273	-0.9
1178.157951	-1.6
1178.191840	-2.5
1178.228553	-3.2
1178.234595	-2.3
1178.235336	-2.9
1178.255405	-2.8
1178.266597	-2.2
1178.271667	-2.7
1178.361111	-2.6
1178.393715	-0.6
1178.410289	-2.5
1178.448206	-1.3
1178.473021	-1.6
1178.508403	-1.4
1178.519687	-1.9
1178.603310	-2.4
1178.604363	-2.4
1178.640336	-0.8
1178.651829	-2.7
1178.662338	-1.6
1178.673229	-2.5
1178.687326	-2.5
1178.688970	-2.3
1178.767766	-2.6
1178.827894	-2.6
1178.838715	-2.7
1178.908229	-2.5
1178.950961	-2.7
1179.019016	-2.7
1179.072917	-2.4
1179.112523	-2.7
1179.166944	-2.8
1179.190845	-2.3
1179.206933	-2.5
1179.207269	-1.7
1179.226562	-2.1
1179.251644	-3.0
1179.483056	-2.7
1179.491273	-2.5
1179.507720	-2.8
1179.509398	-2.9
1179.532581	-3.4
1179.594560	-2.1
1179.630104	-2.8
1179.668229	-1.6
1179.697870	-2.0
1179.743958	-3.1
1179.750336	-2.2
1179.776238	-1.7
1179.789537	-2.0
1179.883449	-2.5
1180.035567	-2.7
1180.069653	-2.3
1180.071134	-2.3
1180.141250	-3.1
1180.188611	-2.8
1180.250058	-2.9
1180.256620	-3.0
1180.359502	-2.1
1180.582245	-2.6
1180.618623	-3.2
1180.618773	-2.4
1180.651192	-2.6
1180.699687	-3.1
1180.778079	-3.0
1180.796794	-2.1
1180.848519	-2.5
1180.850104	-1.9
1180.882234	-2.9
1180.986111	-1.8
1181.096574	-1.8
1181.126736	-2.5
1181.245509	-1.2
1181.301493	-2.9
1181.315810	-2.1
1181.359306	-2.2
1181.372431	-2.9
1181.373345	-3.0
1181.388137	-2.3
1181.413356	-1.9
1181.416354	-2.0
1181.423264	-0.9
1181.518947	-1.0
1181.585394	-0.9
1181.685000	-0.9
1181.688137	-0.9
1181.695336	-2.7
1181.705741	-2.7
1181.768831	-3.1
1181.769132	-3.1
1181.808044	-2.9
1181.813912	-2.7
1181.834410	-3.2
1181.866273	-2.9
1181.904398	-2.6
1181.936817	-1.4
1181.967917	-1.5
1181.970023	-1.6
1181.970035	-1.6
1182.025903	-1.8
1182.145891	-2.1
1182.280301	-2.5
1182.282975	-2.8
1182.286019	-2.9
1182.375949	-1.5
1182.417801	-2.8
1182.483762	-2.6
1182.553669	-3.2
1182.599977	-2.1
1182.622766	-1.1
1182.723576	-0.9
1182.738600	-2.2
1182.822187	-2.3
1182.832037	-2.4
1182.837940	-2.7
1182.846551	-1.2
1182.872384	-2.3
1182.946435	-2.4
1182.989525	-2.8
1183.009757	-2.9
1183.016829	-2.9
1183.145104	-2.5
1183.180799	-2.3
1183.188889	-2.7
1183.269144	-2.2
1183.357373	-2.7
1183.384363	-2.7
1183.412905	-3.0
1183.756921	-2.6
1183.757072	-2.4
1183.769109	-2.8
1183.851053	-2.9
1183.922928	-1.7
1184.163426	-2.4
1184.226030	-2.6
1184.263021	-3.0
1184.333958	-2.8
1184.388519	-2.5
1184.395150	-2.1
1184.471539	-2.6
1184.476169	-2.4
1184.480127	-2.2
1184.527836	-1.8
1184.667396	-2.5
1184.764769	-2.9
1185.600035	-3.0
1185.612894	-2.5
1185.707072	-2.6
1185.819456	-2.9
1186.101273	-2.7
1186.433183	-1.6
1186.479641	-2.5
1186.556736	-2.6
1186.566597	-2.8
1186.648218	-2.3
1186.661840	-2.8
1186.688322	-2.9
1186.688368	-2.8
1186.688391	-2.7
1186.722627	-1.9
1186.722650	-2.3
1186.722685	-2.0
1186.723611	-2.3
1186.923877	-1.7
1186.960243	-2.2
1187.026586	-2.6
1187.028044	-2.0
1187.028183	-1.2
1187.033854	-2.6
1187.050509	-2.7
1187.058206	-2.8
1187.065532	-3.0
1187.075150	-2.8
1187.096146	-3.4
1187.098669	-2.7
1187.104792	-3.0
1187.129826	-1.3
1187.200278	-2.4
1187.335752	-2.6
1187.387743	-3.0
1187.442986	-3.0
1187.529468	-2.9
1187.583553	-2.9
1187.653958	-2.9
1187.744988	-2.9
1187.758079	-2.8
1187.820961	-2.9
1187.844387	-2.8
1187.985602	-2.8
1188.169433	-2.5
1188.185313	-2.3
1188.249838	-2.4
1188.286181	-2.8
1188.309583	-2.6
1188.329005	-2.7
1188.368183	-3.0
1188.368275	-2.9
1188.504028	-2.4
1188.704919	-3.1
1188.730139	-1.9
1188.977917	-2.9
1188.995185	-1.6
1189.068067	-2.8
1189.122025	-2.5
1189.124120	-2.9
1189.222604	-3.0
1189.351574	-2.8
1189.364225	-2.8
1189.374005	-2.9
1189.378275	-2.3
1189.427431	-2.7
1189.427442	-2.5
1189.456493	-2.2
1189.500440	-2.1
1189.528090	-2.7
1189.531493	-1.6
1189.553553	-2.0
1189.557870	-3.0
1189.671586	-2.8
1189.671898	-2.9
1189.672188	-2.5
1189.766597	-2.6
1189.780012	-2.7
1189.855475	-3.0
1189.876586	-2.3
1189.877465	-2.0
1189.886030	-2.1
1189.920104	-2.8
1189.921667	-2.7
1190.013958	-3.2
1190.023611	-2.7
1190.034722	-1.0
1190.044271	-2.9
1190.046759	-2.9
1190.062199	-2.4
1190.068287	-2.7
1190.101435	-2.7
1190.110718	-3.0
1190.122558	-2.0
1190.122569	-2.9
1190.148576	-2.4
1190.166701	-1.9
1190.181713	-2.7
1190.194699	-1.9
1190.209699	-2.8
1190.214375	-2.9
1190.224769	-2.9
1190.228241	-2.8
1190.228275	-3.0
1190.243472	-2.8
1190.244387	-2.7
1190.258993	-2.1
1190.270625	-3.1
1190.285845	-2.7
1190.298056	-2.2
1190.298623	-0.5
1190.301528	-2.5
1190.304294	-2.5
1190.306007	-2.6
1190.306030	-2.8
1190.310417	-1.0
1190.312847	-0.7
1190.318472	-3.2
1190.323773	-3.2
1190.335000	-1.9
1190.336956	-3.1
1190.341100	-2.3
1190.348391	-2.8
1190.350775	-2.4
1190.353704	-3.1
1190.353773	-3.2
1190.353819	-1.6
1190.357326	-3.0
1190.357940	-3.0
1190.361042	-2.6
1190.369907	-3.1
1190.370694	-2.8
1190.373333	-2.7
1190.373426	-2.7
1190.375116	-2.5
1190.375486	-2.4
1190.377326	-3.0
1190.379884	-2.0
1190.381227	-2.8
1190.387326	-3.3
1190.391609	-2.6
1190.402708	-2.8
1190.411111	-1.1
1190.419977	-2.0
1190.423727	-2.9
1190.424144	-2.2
1190.424294	-2.6
1190.424745	-2.9
1190.435417	-0.9
1190.440046	-2.4
1190.442697	-2.6
1190.443623	-2.4
1190.445312	-1.6
1190.446007	-2.6
1190.448356	-2.8
1190.463275	-2.8
1190.481516	-3.3
1190.488704	-2.3
1190.499861	-2.4
1190.502106	-2.3
1190.510637	-2.6
1190.512454	-2.7
1190.536030	-2.2
1190.537928	-2.1
1190.540394	-2.9
1190.545868	-2.9
1190.545891	-2.8
1190.546586	-2.9
1190.546644	-1.6
1190.546840	-1.8
1190.546887	-2.7
1190.547731	-2.6
1190.547917	-3.0
1190.548090	-2.6
1190.560139	-3.5
1190.571863	-3.0
1190.578692	-1.6
1190.582813	-3.3
1190.589398	-2.4
1190.592593	-2.8
1190.593970	-2.1
1190.596678	-1.0
1190.598542	-2.7
1190.603843	-2.0
1190.626215	-0.9
1190.626215	-0.9
1190.627697	-2.7
1190.633576	-2.6
1190.634144	-2.9
1190.641632	-2.9
1190.642431	-2.5
1190.648634	-2.9
1190.649398	-2.7
1190.649838	-2.2
1190.650266	-2.4
1190.661308	-3.0
1190.679907	-2.8
1190.687130	-2.3
1190.692361	-0.7
1190.701829	-2.9
1190.714294	-2.9
1190.725833	-3.1
1190.731308	-2.8
1190.732269	-2.2
1190.736597	-2.8
1190.736609	-2.7
1190.738194	-0.7
1190.741215	-2.3
1190.746308	-2.7
1190.747813	-2.7
1190.748391	-2.7
1190.770903	-2.6
1190.780856	-2.6
1190.782292	-2.5
1190.797049	-0.8
1190.800035	-1.0
1190.810845	-2.7
1190.815891	-2.4
1190.831146	-2.0
1190.831782	-1.9
1190.831829	-2.7
1190.846493	-2.3
1190.854225	-2.5
1190.874583	-1.3
1190.891667	-2.9
1190.903785	-2.2
1190.910544	-1.6
1190.917454	-2.4
1190.933356	-3.0
1190.939294	-1.6
1190.953692	-2.1
1190.954225	-2.1
1190.961713	-2.6
1190.973333	-1.9
1190.982164	-2.4
1190.982697	-3.0
1190.997153	-3.0
1190.997188	-1.7
1191.024850	-2.7
1191.025289	-2.7
1191.025660	-2.8
1191.035336	-2.0
1191.045810	-3.2
1191.059086	-1.6
1191.066875	-2.4
1191.087963	-2.6
1191.108530	-2.7
1191.112060	-2.7
1191.128461	-3.1
1191.139479	-2.6
1191.177512	-2.9
1191.179144	-2.0
1191.243657	-3.1
1191.248067	-2.6
1191.302836	-2.9
1191.308947	-2.7
1191.310220	-2.8
1191.310683	-2.3
1191.310764	-2.4
1191.329248	-2.7
1191.412269	-3.2
1191.447083	-3.2
1191.475995	-2.9
1191.495718	-0.8
1191.498819	-2.3
1191.498831	-2.0
1191.580081	-1.5
1191.603692	-2.5
1191.625718	-2.6
1191.645440	0.6
1191.666968	-1.7
1191.670938	-1.0
1191.672025	-1.2
1191.677975	-1.2
1191.690799	-1.1
1191.690938	-2.6
1191.691725	-1.8
1191.691748	-2.6
1191.696181	-0.7
1191.696181	-0.7
1191.696701	-1.2
1191.696701	-1.2
1191.696701	-1.2
1191.698125	-2.2
1191.698681	-1.8
1191.698854	-1.9
1191.701505	-2.8
1191.701771	-2.4
1191.706690	-2.0
1191.707604	-2.6
1191.710093	-2.4
1191.739282	-1.6
1191.806053	-2.0
1191.806065	-2.4
1191.806088	-2.5
1191.806597	-1.2
1191.808646	-1.1
1191.814641	-1.4
1191.815694	-2.0
1191.830694	-1.9
1191.857975	-2.2
1191.876285	-2.4
1191.910833	-2.5
1191.935949	-2.6
1191.938102	-2.2
1191.988738	-1.7
1192.099688	-1.7
1192.106597	-1.1
1192.160590	-2.0
1192.180706	-2.2
1192.259444	-2.1
1192.405718	-2.3
1192.448275	-2.2
1192.509850	-1.9
1192.646458	-1.7
1192.670914	-1.6
1192.682558	-1.8
1192.689282	-1.7
1192.689630	-2.1
1192.695347	-2.2
1192.744942	-2.2
1192.758160	-2.3
1192.759977	-2.4
1192.761840	-2.6
1192.859074	-1.1
1192.943137	-2.2
1192.953704	-1.8
1192.972685	-1.5
1193.002859	-2.4
1193.016134	-2.3
1193.109097	-2.2
1193.113171	-1.9
1193.123611	-2.2
1193.124132	-2.5
1193.124271	-2.4
1193.137905	-2.6
1193.200174	-1.2
1193.278947	1.1
